#! FIELDS time cnHH.max sigma_cnHH.max height biasf
#! SET multivariate false
#! SET kerneltype gaussian
                      4    0.07749306124713104                   0.05     0.1111111111111111                     10
                      8    0.07744425842857944                   0.05     0.1107405196910961                     10
                     12    0.07753274858269522                   0.05     0.1103723945236449                     10
                     16    0.07774321282904262                   0.05     0.1100067238981786                     10
                     20    0.07753669213583816                   0.05     0.1096434461653893                     10
                     24    0.07773532825427946                   0.05     0.1092825846588853                     10
                     28    0.07750593886322869                   0.05     0.1089240723142938                     10
                     32    0.07772447252078238                   0.05     0.1085679243620962                     10
                     36    0.07755019568716627                   0.05     0.1082140801639678                     10
                     40     0.1939004943921672                   0.05     0.1108910469816678                     10
                     44     0.0775627618859811                   0.05     0.1078385446000569                     10
                     48    0.07765568000274348                   0.05     0.1074893443866092                     10
                     52    0.07764026956719122                   0.05     0.1071425154471708                     10
                     56    0.07794894852139833                   0.05       0.10679766373336                     10
                     60    0.07753213546496913                   0.05     0.1064556365441608                     10
                     64     0.4852596557264022                   0.05     0.1111111111111111                     10
                     68    0.07794999753765706                   0.05     0.1061150664835019                     10
                     72     0.0775105576072489                   0.05     0.1057774255813056                     10
                     76    0.07758484354850272                   0.05     0.1054414380272226                     10
                     80    0.08198942475519067                   0.05     0.1051245614870928                     10
                     84    0.07794694346239066                   0.05      0.104776766084881                     10
#! FIELDS time cnHH.max sigma_cnHH.max height biasf
#! SET multivariate false
#! SET kerneltype gaussian
                     88    0.07768934420182916                   0.05     0.1044475054311417                     10
                     92     0.9999964971434566                   0.05     0.1111111111111111                     10
                     96      1.000000000000001                   0.05     0.1107405195157701                     10
                    100                      1                   0.05      0.110372393833409                     10
