#! FIELDS time cnHH.max sigma_cnHH.max height biasf
#! SET multivariate false
#! SET kerneltype gaussian
                      4    0.07747968369402254                   0.05     0.1111111111111111                     10
                      8     0.3401355445216016                   0.05     0.1111111111111111                     10
                     12    0.07760179283302296                   0.05     0.1107405206181672                     10
                     16    0.07756944786428505                   0.05     0.1103723944999805                     10
                     20     0.8053917059230304                   0.05     0.1111111111111111                     10
                     24     0.0781272550584301                   0.05      0.110006783281727                     10
                     28    0.08945122084181149                   0.05     0.1096832228133943                     10
                     32    0.07788310765469954                   0.05     0.1092919851405615                     10
                     36    0.07793659034682344                   0.05     0.1089333396879647                     10
                     40    0.07782465028862355                   0.05     0.1085772906855437                     10
                     44    0.07752500344162502                   0.05     0.1082239147344138                     10
                     48    0.07756654110419356                   0.05     0.1078722394078682                     10
                     52    0.07807973445417229                   0.05     0.1075221625413458                     10
                     56    0.07752742439443758                   0.05     0.1071759564050722                     10
                     60    0.07751803257098241                   0.05     0.1068311480759017                     10
                     64     0.2836021634668469                   0.05     0.1109153912022914                     10
                     68    0.07780186841951353                   0.05     0.1064880489367525                     10
                     72      1.000000000020872                   0.05     0.1111111111111111                     10
                     76        1.0000000227648                   0.05     0.1107405195148622                     10
                     80      1.000000000002652                   0.05     0.1103723938325071                     10
                     84      1.000000000128376                   0.05     0.1100067095198809                     10
                     88      1.000000001289801                   0.05     0.1096434423576047                     10
